[[0, 1, 2], [2, 0, 1], [1, 2, 0], [0, 1, 2]] No Falla 
[[0, 2, 1], [2, 1, 0], [1, 0, 2], [0, 2, 1]] No Falla 
[[1, 0, 2], [0, 2, 1], [2, 1, 0], [1, 0, 2]] No Falla 
[[1, 2, 0], [0, 1, 2], [2, 0, 1], [1, 2, 0]] No Falla 
[[2, 0, 1], [1, 2, 0], [0, 1, 2], [2, 0, 1]] No Falla 
[[2, 1, 0], [1, 0, 2], [0, 2, 1], [2, 1, 0]] No Falla 
[[0, 1, 4], [2, 0, 3], [1, 2, 2], [0, 1, 4]] No Falla 
[[0, 1, 4], [2, 0, 3], [1, 2, 2], [0, 4, 1], [2, 3, 0], [1, 2, 2]] No Falla 
[[0, 1, 4], [2, 0, 3], [1, 2, 2], [3, 1, 1], [2, 0, 3]] No Falla 
[[0, 1, 4], [2, 0, 3], [1, 2, 2], [3, 1, 1], [2, 3, 0], [1, 2, 2]] No Falla 
[[0, 2, 3], [2, 1, 2], [1, 0, 4], [0, 2, 3]] No Falla 
[[0, 2, 3], [2, 1, 2], [1, 3, 1], [0, 2, 3]] No Falla 
[[0, 2, 3], [2, 1, 2], [1, 3, 1], [3, 2, 0], [2, 1, 2]] No Falla 
[[0, 2, 3], [2, 1, 2], [4, 0, 1], [3, 2, 0], [2, 1, 2]] No Falla 
[[0, 3, 2], [2, 2, 1], [1, 1, 3], [0, 3, 2]] No Falla 
[[0, 3, 2], [2, 2, 1], [1, 1, 3], [3, 0, 2], [2, 2, 1]] No Falla 
[[0, 3, 2], [2, 2, 1], [1, 4, 0], [0, 3, 2]] No Falla 
[[0, 3, 2], [2, 2, 1], [4, 1, 0], [3, 0, 2], [2, 2, 1]] No Falla 
[[0, 4, 1], [2, 3, 0], [1, 2, 2], [0, 1, 4], [2, 0, 3], [1, 2, 2]] No Falla 
[[0, 4, 1], [2, 3, 0], [1, 2, 2], [0, 4, 1]] No Falla 
[[0, 4, 1], [2, 3, 0], [1, 2, 2], [3, 1, 1], [2, 0, 3], [1, 2, 2]] No Falla 
[[0, 4, 1], [2, 3, 0], [1, 2, 2], [3, 1, 1], [2, 3, 0]] No Falla 
[[1, 0, 4], [0, 2, 3], [2, 1, 2], [1, 0, 4]] No Falla 
[[1, 0, 4], [0, 2, 3], [2, 1, 2], [1, 3, 1], [0, 2, 3]] No Falla 
[[1, 0, 4], [0, 2, 3], [2, 1, 2], [1, 3, 1], [3, 2, 0], [2, 1, 2]] No Falla 
[[1, 0, 4], [0, 2, 3], [2, 1, 2], [4, 0, 1], [3, 2, 0], [2, 1, 2]] No Falla 
[[1, 1, 3], [0, 3, 2], [2, 2, 1], [1, 1, 3]] No Falla 
[[1, 1, 3], [0, 3, 2], [2, 2, 1], [1, 4, 0], [0, 3, 2]] No Falla 
[[1, 1, 3], [0, 3, 2], [2, 2, 1], [4, 1, 0], [3, 0, 2], [2, 2, 1]] No Falla 
[[1, 1, 3], [3, 0, 2], [2, 2, 1], [1, 1, 3]] No Falla 
[[1, 1, 3], [3, 0, 2], [2, 2, 1], [1, 4, 0], [0, 3, 2], [2, 2, 1]] No Falla 
[[1, 1, 3], [3, 0, 2], [2, 2, 1], [4, 1, 0], [3, 0, 2]] No Falla 
[[1, 2, 2], [0, 1, 4], [2, 0, 3], [1, 2, 2]] No Falla 
[[1, 2, 2], [0, 4, 1], [2, 3, 0], [1, 2, 2]] No Falla 
[[1, 2, 2], [3, 1, 1], [2, 0, 3], [1, 2, 2]] No Falla 
[[1, 2, 2], [3, 1, 1], [2, 3, 0], [1, 2, 2]] No Falla 
[[1, 3, 1], [0, 2, 3], [2, 1, 2], [1, 0, 4], [0, 2, 3]] No Falla 
[[1, 3, 1], [0, 2, 3], [2, 1, 2], [1, 3, 1]] No Falla 
[[1, 3, 1], [0, 2, 3], [2, 1, 2], [4, 0, 1], [3, 2, 0], [2, 1, 2]] No Falla 
[[1, 3, 1], [3, 2, 0], [2, 1, 2], [1, 0, 4], [0, 2, 3], [2, 1, 2]] No Falla 
[[1, 3, 1], [3, 2, 0], [2, 1, 2], [1, 3, 1]] No Falla 
[[1, 3, 1], [3, 2, 0], [2, 1, 2], [4, 0, 1], [3, 2, 0]] No Falla 
[[1, 4, 0], [0, 3, 2], [2, 2, 1], [1, 1, 3], [0, 3, 2]] No Falla 
[[1, 4, 0], [0, 3, 2], [2, 2, 1], [1, 1, 3], [3, 0, 2], [2, 2, 1]] No Falla 
[[1, 4, 0], [0, 3, 2], [2, 2, 1], [1, 4, 0]] No Falla 
[[1, 4, 0], [0, 3, 2], [2, 2, 1], [4, 1, 0], [3, 0, 2], [2, 2, 1]] No Falla 
[[2, 0, 3], [1, 2, 2], [0, 1, 4], [2, 0, 3]] No Falla 
[[2, 0, 3], [1, 2, 2], [0, 4, 1], [2, 3, 0], [1, 2, 2]] No Falla 
[[2, 0, 3], [1, 2, 2], [3, 1, 1], [2, 0, 3]] No Falla 
[[2, 0, 3], [1, 2, 2], [3, 1, 1], [2, 3, 0], [1, 2, 2]] No Falla 
[[2, 1, 2], [1, 0, 4], [0, 2, 3], [2, 1, 2]] No Falla 
[[2, 1, 2], [1, 3, 1], [0, 2, 3], [2, 1, 2]] No Falla 
[[2, 1, 2], [1, 3, 1], [3, 2, 0], [2, 1, 2]] No Falla 
[[2, 1, 2], [4, 0, 1], [3, 2, 0], [2, 1, 2]] No Falla 
[[2, 2, 1], [1, 1, 3], [0, 3, 2], [2, 2, 1]] No Falla 
[[2, 2, 1], [1, 1, 3], [3, 0, 2], [2, 2, 1]] No Falla 
[[2, 2, 1], [1, 4, 0], [0, 3, 2], [2, 2, 1]] No Falla 
[[2, 2, 1], [4, 1, 0], [3, 0, 2], [2, 2, 1]] No Falla 
[[2, 3, 0], [1, 2, 2], [0, 1, 4], [2, 0, 3], [1, 2, 2]] No Falla 
[[2, 3, 0], [1, 2, 2], [0, 4, 1], [2, 3, 0]] No Falla 
[[2, 3, 0], [1, 2, 2], [3, 1, 1], [2, 0, 3], [1, 2, 2]] No Falla 
[[2, 3, 0], [1, 2, 2], [3, 1, 1], [2, 3, 0]] No Falla 
[[3, 0, 2], [2, 2, 1], [1, 1, 3], [0, 3, 2], [2, 2, 1]] No Falla 
[[3, 0, 2], [2, 2, 1], [1, 1, 3], [3, 0, 2]] No Falla 
[[3, 0, 2], [2, 2, 1], [1, 4, 0], [0, 3, 2], [2, 2, 1]] No Falla 
[[3, 0, 2], [2, 2, 1], [4, 1, 0], [3, 0, 2]] No Falla 
[[3, 1, 1], [2, 0, 3], [1, 2, 2], [0, 1, 4], [2, 0, 3]] No Falla 
[[3, 1, 1], [2, 0, 3], [1, 2, 2], [0, 4, 1], [2, 3, 0], [1, 2, 2]] No Falla 
[[3, 1, 1], [2, 0, 3], [1, 2, 2], [3, 1, 1]] No Falla 
[[3, 1, 1], [2, 3, 0], [1, 2, 2], [0, 1, 4], [2, 0, 3], [1, 2, 2]] No Falla 
[[3, 1, 1], [2, 3, 0], [1, 2, 2], [0, 4, 1], [2, 3, 0]] No Falla 
[[3, 1, 1], [2, 3, 0], [1, 2, 2], [3, 1, 1]] No Falla 
[[3, 2, 0], [2, 1, 2], [1, 0, 4], [0, 2, 3], [2, 1, 2]] No Falla 
[[3, 2, 0], [2, 1, 2], [1, 3, 1], [0, 2, 3], [2, 1, 2]] No Falla 
[[3, 2, 0], [2, 1, 2], [1, 3, 1], [3, 2, 0]] No Falla 
[[3, 2, 0], [2, 1, 2], [4, 0, 1], [3, 2, 0]] No Falla 
[[4, 0, 1], [3, 2, 0], [2, 1, 2], [1, 0, 4], [0, 2, 3], [2, 1, 2]] No Falla 
[[4, 0, 1], [3, 2, 0], [2, 1, 2], [1, 3, 1], [0, 2, 3], [2, 1, 2]] No Falla 
[[4, 0, 1], [3, 2, 0], [2, 1, 2], [1, 3, 1], [3, 2, 0]] No Falla 
[[4, 0, 1], [3, 2, 0], [2, 1, 2], [4, 0, 1]] No Falla 
[[4, 1, 0], [3, 0, 2], [2, 2, 1], [1, 1, 3], [0, 3, 2], [2, 2, 1]] No Falla 
[[4, 1, 0], [3, 0, 2], [2, 2, 1], [1, 1, 3], [3, 0, 2]] No Falla 
[[4, 1, 0], [3, 0, 2], [2, 2, 1], [1, 4, 0], [0, 3, 2], [2, 2, 1]] No Falla 
[[4, 1, 0], [3, 0, 2], [2, 2, 1], [4, 1, 0]] No Falla 
